0 4.9e-07
100 0.000208139
200 0.000694957
300 0.00158639
400 0.00278641
500 0.00433204
600 0.0060127
700 0.00790537
800 0.00940708
900 0.0118356
1000 0.0141362
1100 0.0164623
1200 0.0187119
1300 0.0216376
1400 0.025187
1500 0.0289521
1600 0.032949
1700 0.0367895
1800 0.0394288
1900 0.043929
2000 0.048573
2100 0.0536031
2200 0.0591835
2300 0.0645079
2400 0.0728296
2500 0.0758188
2600 0.0820498
2700 0.0883755
2800 0.0949008
2900 0.101705
3000 0.109088
3100 0.115722
3200 0.123137
3300 0.131039
3400 0.140639
3500 0.146717
3600 0.154927
3700 0.163406
3800 0.173882
3900 0.181442
