0 4.13e-07
100 0.000111154
200 0.000137484
300 0.000226633
400 0.000283839
500 0.000344656
600 0.000421609
700 0.000483174
800 0.00054594
900 0.000618329
1000 0.000673233
1100 0.000744618
1200 0.000802139
1300 0.000863178
1400 0.00093362
1500 0.000996343
1600 0.00109029
1700 0.00112813
1800 0.00119161
1900 0.00128015
2000 0.00131602
2100 0.00137893
2200 0.00145019
2300 0.0015132
2400 0.0015816
2500 0.00166
2600 0.00170762
2700 0.00178472
2800 0.00184683
2900 0.00194271
3000 0.00199765
3100 0.002093
3200 0.00214004
3300 0.0022356
3400 0.0022851
3500 0.0023387
3600 0.00242689
3700 0.00252304
3800 0.00261057
3900 0.00268944
