86162 131072
389838 524288
contar frecuencias V1
0 3.83e-07
100 0.000204521
200 0.000695886
300 0.00158132
400 0.00279911
500 0.00434028
600 0.00606852
700 0.00778251
800 0.0100411
900 0.0122653
1000 0.0145152
1100 0.0170525
1200 0.0193065
1300 0.0216352
1400 0.0251683
1500 0.0283215
1600 0.0312299
1700 0.0351768
1800 0.039528
1900 0.0440398
2000 0.0486714
2100 0.0535401
2200 0.0601384
2300 0.064055
2400 0.0696228
2500 0.0758067
2600 0.0821773
2700 0.0882988
2800 0.0950076
2900 0.101617
3000 0.110131
3100 0.115795
3200 0.123003
3300 0.131032
3400 0.140401
3500 0.146558
3600 0.154852
3700 0.163394
3800 0.173687
3900 0.18124
contar frecuencias V2
0 1.21e-07
100 8.593e-05
200 0.000182285
300 0.000364607
400 0.000643702
500 0.00091013
600 0.00123138
700 0.00148951
800 0.00177741
900 0.00208502
1000 0.00243156
1100 0.00279243
1200 0.00305087
1300 0.00351774
1400 0.00382611
1500 0.00420371
1600 0.00464294
1700 0.00505028
1800 0.00540942
1900 0.005841
2000 0.00636266
2100 0.00678827
2200 0.00740551
2300 0.00780372
2400 0.00824488
2500 0.00870478
2600 0.00925682
2700 0.00983846
2800 0.0104791
2900 0.0113192
3000 0.0119874
3100 0.0128758
3200 0.0138174
3300 0.0146076
3400 0.0155032
3500 0.0164595
3600 0.0173848
3700 0.0182835
3800 0.0193674
3900 0.0202847
contar frecuencias V3
0 9e-08
100 0.000110459
200 0.000169133
300 0.000251309
400 0.000333718
500 0.000450389
600 0.000554578
700 0.000661031
800 0.000755305
900 0.000862517
1000 0.00100745
1100 0.00112256
1200 0.00125511
1300 0.00138284
1400 0.00147023
1500 0.00158689
1600 0.00170238
1700 0.00182746
1800 0.00197884
1900 0.00207593
2000 0.00217512
2100 0.00232091
2200 0.0024135
2300 0.00265582
2400 0.00271616
2500 0.00288705
2600 0.00309062
2700 0.00319369
2800 0.00336894
2900 0.00370588
3000 0.00375431
3100 0.00395873
3200 0.00408972
3300 0.00420586
3400 0.00435058
3500 0.00602371
3600 0.00494953
3700 0.0050997
3800 0.00533136
3900 0.00552017
contar frecuencias V4
0 4.13e-07
100 0.000111154
200 0.000137484
300 0.000226633
400 0.000283839
500 0.000344656
600 0.000421609
700 0.000483174
800 0.00054594
900 0.000618329
1000 0.000673233
1100 0.000744618
1200 0.000802139
1300 0.000863178
1400 0.00093362
1500 0.000996343
1600 0.00109029
1700 0.00112813
1800 0.00119161
1900 0.00128015
2000 0.00131602
2100 0.00137893
2200 0.00145019
2300 0.0015132
2400 0.0015816
2500 0.00166
2600 0.00170762
2700 0.00178472
2800 0.00184683
2900 0.00194271
3000 0.00199765
3100 0.002093
3200 0.00214004
3300 0.0022356
3400 0.0022851
3500 0.0023387
3600 0.00242689
3700 0.00252304
3800 0.00261057
3900 0.00268944
