0 9e-08
100 0.000110459
200 0.000169133
300 0.000251309
400 0.000333718
500 0.000450389
600 0.000554578
700 0.000661031
800 0.000755305
900 0.000862517
1000 0.00100745
1100 0.00112256
1200 0.00125511
1300 0.00138284
1400 0.00147023
1500 0.00158689
1600 0.00170238
1700 0.00182746
1800 0.00197884
1900 0.00207593
2000 0.00217512
2100 0.00232091
2200 0.0024135
2300 0.00265582
2400 0.00271616
2500 0.00288705
2600 0.00309062
2700 0.00319369
2800 0.00336894
2900 0.00370588
3000 0.00375431
3100 0.00395873
3200 0.00408972
3300 0.00420586
3400 0.00435058
3500 0.00602371
3600 0.00494953
3700 0.0050997
3800 0.00533136
3900 0.00552017
