0 1.2e-07
100 8.6044e-05
200 0.000183964
300 0.000410129
400 0.000623519
500 0.000908996
600 0.00119737
700 0.00148863
800 0.00177997
900 0.0021161
1000 0.00242429
1100 0.00277554
1200 0.00306716
1300 0.00348862
1400 0.0038195
1500 0.00422993
1600 0.00462818
1700 0.00495734
1800 0.00551604
1900 0.00595668
2000 0.00626183
2100 0.00687365
2200 0.00720956
2300 0.00791742
2400 0.00823627
2500 0.00880683
2600 0.00930966
2700 0.00984623
2800 0.0104359
2900 0.0113832
3000 0.0121451
3100 0.0129565
3200 0.0139171
3300 0.0146085
3400 0.0155226
3500 0.0165614
3600 0.0173157
3700 0.0184023
3800 0.019389
3900 0.0205591
