10 1.51415e-07
1010 1.52296e-05
2010 2.81078e-05
3010 4.1311e-05
4010 5.49507e-05
5010 6.92597e-05
6010 8.31363e-05
7010 9.49956e-05
8010 0.000108418
9010 0.000122701
10010 0.000132052
11010 0.00014255
12010 0.000155537
13010 0.000170323
14010 0.000183208
15010 0.000197537
16010 0.000213773
17010 0.000224805
18010 0.000236605
19010 0.000250692
20010 0.000264013
21010 0.000277209
22010 0.000291113
23010 0.000302969
24010 0.00031275
25010 0.000326181
26010 0.000343209
27010 0.000351864
28010 0.00036499
29010 0.000372368
30010 0.000385339
31010 0.000405793
32010 0.00040864
33010 0.000424967
34010 0.000430144
35010 0.000442793
36010 0.00045432
37010 0.000467466
38010 0.000485574
39010 0.000493328
40010 0.000503792
41010 0.000517788
42010 0.000530179
43010 0.000551412
44010 0.000566823
45010 0.000574209
46010 0.000582929
47010 0.000595168
48010 0.000630829
49010 0.000617783
50010 0.000628765
51010 0.000645666
52010 0.000666059
53010 0.000669691
54010 0.000686984
55010 0.000696475
56010 0.000732323
57010 0.000722741
58010 0.000736402
59010 0.000760684
60010 0.000778179
61010 0.000785799
62010 0.000819495
63010 0.000817361
64010 0.000835095
65010 0.00089517
66010 0.000892761
67010 0.000882499
68010 0.00089536
69010 0.000896462
70010 0.000913645
71010 0.000930819
72010 0.000935126
73010 0.000935798
74010 0.000987205
75010 0.000988142
76010 0.000993912
77010 0.00104345
78010 0.00101276
79010 0.00102916
80010 0.00102829
81010 0.00105655
82010 0.00105151
83010 0.00108144
84010 0.00107971
85010 0.00109834
86010 0.00112895
87010 0.0011227
88010 0.0011438
89010 0.00113431
90010 0.00116053
91010 0.00116783
92010 0.00116781
93010 0.00122455
94010 0.001179
95010 0.00119265
96010 0.00120251
97010 0.00120816
98010 0.00121784
99010 0.00122975
