10 1.77268e-07
1010 1.60486e-05
2010 2.75274e-05
3010 3.7129e-05
4010 4.87291e-05
5010 6.11856e-05
6010 7.32119e-05
7010 8.54225e-05
8010 9.97305e-05
9010 0.000106869
10010 0.000117312
11010 0.000129704
12010 0.000142259
13010 0.000152834
14010 0.00016434
15010 0.000176223
16010 0.000187513
17010 0.000206252
18010 0.000210405
19010 0.000219848
20010 0.000232683
21010 0.000244036
22010 0.000256683
23010 0.000272913
24010 0.000277796
25010 0.00028978
26010 0.000301079
27010 0.000312006
28010 0.000323365
29010 0.000345517
30010 0.000352328
31010 0.000359544
32010 0.000373108
33010 0.000388986
34010 0.000404924
35010 0.000402793
36010 0.00041613
37010 0.000429213
38010 0.000441671
39010 0.000448885
40010 0.000471864
41010 0.000477623
42010 0.00048325
43010 0.000493799
44010 0.000505488
45010 0.000527527
46010 0.000528269
47010 0.000539274
48010 0.000550587
49010 0.000562575
50010 0.000573419
51010 0.000587178
52010 0.000599271
53010 0.000608183
54010 0.000620004
55010 0.000631727
56010 0.000641936
57010 0.00065731
58010 0.000689239
59010 0.000686385
60010 0.000687698
61010 0.000699169
62010 0.000720488
63010 0.000721804
64010 0.000736891
65010 0.000758637
66010 0.000760481
67010 0.000767691
68010 0.000780451
69010 0.000811267
70010 0.000814196
71010 0.00082094
72010 0.000830829
73010 0.00083529
74010 0.00084835
75010 0.000864349
76010 0.000870028
77010 0.000881091
78010 0.000899262
79010 0.000903647
80010 0.00091432
81010 0.000968235
82010 0.00094461
83010 0.000960176
84010 0.00096247
85010 0.000975329
86010 0.00100491
87010 0.000995133
88010 0.00100744
89010 0.0010648
90010 0.0010622
91010 0.00105829
92010 0.00107438
93010 0.00108757
94010 0.00110358
95010 0.00110456
96010 0.00113146
97010 0.0011455
98010 0.00113419
99010 0.00114105
