0 4.58e-07
100 0.000178651
200 0.000741244
300 0.00158873
400 0.00326039
500 0.00449574
600 0.00613741
700 0.00801519
800 0.00941922
900 0.0117842
1000 0.0132564
1100 0.0151763
1200 0.0169517
1300 0.0187324
1400 0.0183766
1500 0.0187257
1600 0.019931
1700 0.0217105
1800 0.0234331
1900 0.025737
2000 0.0278998
2100 0.0309272
2200 0.0338488
2300 0.0351102
2400 0.038156
2500 0.0419246
2600 0.0450842
2700 0.0491735
2800 0.052858
2900 0.0572992
3000 0.0612278
3100 0.0648054
3200 0.0688555
3300 0.0736422
3400 0.0783389
3500 0.0826456
3600 0.087573
3700 0.0936394
3800 0.0984874
3900 0.102951
4000 0.108537
4100 0.11402
4200 0.12239
4300 0.126379
4400 0.132169
4500 0.137221
4600 0.144629
4700 0.154151
4800 0.160037
4900 0.167197
5000 0.17444
5100 0.178798
5200 0.18669
5300 0.193072
5400 0.201198
5500 0.207408
5600 0.215264
5700 0.226156
5800 0.231375
5900 0.247104
6000 0.248764
6100 0.345855
6200 0.26518
6300 0.27672
6400 0.280725
6500 0.294527
6600 0.300744
6700 0.314183
6800 0.319005
6900 0.331395
7000 0.337121
7100 0.350861
7200 0.360068
7300 0.369512
7400 0.397647
7500 0.40213
7600 0.403198
7700 0.407873
7800 0.421118
7900 0.431636
8000 0.446121
8100 0.455907
8200 0.473826
8300 0.478197
8400 0.488223
8500 0.50943
8600 0.535354
8700 0.52398
8800 0.538614
8900 0.547056
9000 0.665607
9100 0.575672
9200 0.587387
9300 0.59871
9400 0.620591
9500 0.664609
9600 0.659653
9700 0.666735
9800 0.670742
9900 0.681577
10000 0.695621
