0 4.27e-07
100 6.011e-05
200 0.000239314
300 0.000530349
400 0.000927097
500 0.00144851
600 0.00203942
700 0.00275331
800 0.00315203
900 0.00432448
1000 0.00536459
1100 0.00601065
1200 0.00673421
1300 0.00717955
1400 0.00787476
1500 0.00846693
1600 0.00946606
1700 0.0101379
1800 0.0107318
1900 0.0113246
2000 0.0120696
2100 0.0126183
2200 0.0132619
2300 0.0136164
2400 0.0141319
2500 0.0150889
2600 0.0155553
2700 0.0161345
2800 0.0172574
2900 0.0174982
3000 0.0191779
3100 0.0203518
3200 0.0211637
3300 0.0219286
3400 0.0234849
3500 0.0248256
3600 0.0257079
3700 0.0272445
3800 0.0285493
3900 0.0305739
4000 0.0317542
4100 0.0335843
4200 0.0374659
4300 0.0374098
4400 0.0391709
4500 0.0526119
4600 0.0600399
4700 0.0607755
4800 0.0645168
4900 0.0670351
5000 0.0706956
5100 0.0732813
5200 0.0757474
5300 0.0573316
5400 0.0580341
5500 0.0604895
5600 0.0634467
5700 0.0653891
5800 0.0667157
5900 0.0692589
6000 0.0722527
6100 0.0743829
6200 0.0804028
6300 0.0801434
6400 0.0815154
6500 0.0850686
6600 0.0867738
6700 0.0914286
6800 0.0924741
6900 0.101951
7000 0.0991794
7100 0.103626
7200 0.105765
7300 0.105626
7400 0.111688
7500 0.113318
7600 0.115997
7700 0.117106
7800 0.121574
7900 0.126847
8000 0.12983
8100 0.131898
8200 0.13447
8300 0.13745
8400 0.141947
8500 0.143446
8600 0.146976
8700 0.150269
8800 0.157243
8900 0.156336
9000 0.160963
9100 0.164973
9200 0.17192
9300 0.171384
9400 0.174732
9500 0.181436
9600 0.183744
9700 0.191601
9800 0.196537
9900 0.198234
10000 0.205033
