0 3.12e-07
100 8.7171e-05
200 0.000319415
300 0.000692014
400 0.00121421
500 0.00188192
600 0.00266865
700 0.00372698
800 0.00436087
900 0.00556556
1000 0.00639246
1100 0.00748009
1200 0.0084903
1300 0.00954628
1400 0.0104611
1500 0.0113996
1600 0.0124166
1700 0.0131184
1800 0.0139251
1900 0.0147265
2000 0.0153538
2100 0.0160701
2200 0.0167702
2300 0.0173388
2400 0.0180189
2500 0.0187934
2600 0.0202217
2700 0.0213311
2800 0.0225804
2900 0.023856
3000 0.0254972
3100 0.0272298
3200 0.0289764
3300 0.0307517
3400 0.0326255
3500 0.0346
3600 0.0365241
3700 0.0385518
3800 0.0422048
3900 0.0427801
4000 0.0453074
4100 0.047353
4200 0.0496373
4300 0.0519332
4400 0.0544768
4500 0.0568866
4600 0.059442
4700 0.0622579
4800 0.066801
4900 0.0712938
5000 0.07262
5100 0.0749909
5200 0.0779038
5300 0.0804197
5400 0.0817131
5500 0.0847023
5600 0.0877436
5700 0.0911435
5800 0.0943334
5900 0.0974084
6000 0.100746
6100 0.104203
6200 0.107622
6300 0.11138
6400 0.114526
6500 0.118177
6600 0.121679
6700 0.125623
6800 0.129633
6900 0.133385
7000 0.136883
7100 0.140856
7200 0.145166
7300 0.14871
7400 0.153236
7500 0.15692
7600 0.161646
7700 0.16543
7800 0.170183
7900 0.174528
8000 0.178683
8100 0.18712
8200 0.187761
8300 0.193708
8400 0.196862
8500 0.201651
8600 0.206672
8700 0.214544
8800 0.224327
8900 0.221817
9000 0.227287
9100 0.233927
9200 0.237288
9300 0.242693
9400 0.248044
9500 0.253074
9600 0.258683
9700 0.277467
9800 0.285909
9900 0.273517
10000 0.280191
