Abrimos ./data/clinvar_20160831.vcf
--------------------------------------------------------------------------------------
Eficiencia del método insert: 
--------------------------------------------------------------------------------------
1000 1.3211e-05
6000 1.0148e-05
11000 5.2634e-05
16000 1.5882e-05
21000 1.8322e-05
26000 1.053e-05
31000 1.2341e-05
36000 3.5066e-05
41000 1.9164e-05
46000 1.2775e-05
51000 1.1574e-05
56000 1.1837e-05
61000 1.687e-05
66000 1.1686e-05
71000 1.7278e-05
76000 1.4096e-05
81000 9.6503e-05
86000 1.9736e-05
91000 1.3913e-05
96000 2.2444e-05
101000 1.6704e-05
106000 2.3537e-05
111000 2.2399e-05
116000 2.4951e-05
121000 0.000123107
126000 2.013e-05
--------------------------------------------------------------------------------------
Eficiencia del método find: 
--------------------------------------------------------------------------------------
1000 4.092e-06
6000 2.927e-06
11000 2.852e-06
16000 2.803e-06
21000 2.829e-06
26000 1.2069e-05
31000 2.932e-06
36000 2.968e-06
41000 2.929e-06
46000 2.918e-06
51000 2.855e-06
56000 2.861e-06
61000 2.884e-06
66000 2.859e-06
71000 2.892e-06
76000 2.883e-06
81000 2.853e-06
86000 2.858e-06
91000 2.853e-06
96000 2.914e-06
101000 2.9e-06
106000 2.918e-06
111000 2.921e-06
116000 2.893e-06
121000 2.906e-06
126000 2.848e-06
--------------------------------------------------------------------------------------
Eficiencia del método erase: 
--------------------------------------------------------------------------------------
1000 1.841e-06
6000 1.447e-06
11000 1.443e-06
16000 1.403e-06
21000 1.4e-06
26000 1.44e-06
31000 1.401e-06
36000 1.4e-06
41000 1.404e-06
46000 1.415e-06
51000 1.4e-06
56000 1.417e-06
61000 1.409e-06
66000 1.405e-06
71000 1.422e-06
76000 1.407e-06
81000 1.408e-06
86000 1.376e-06
91000 1.406e-06
96000 1.401e-06
101000 1.385e-06
106000 1.394e-06
111000 1.393e-06
116000 1.407e-06
121000 1.405e-06
126000 1.424e-06
